MULT -1.0 3.68 34.191
MULT -0.8 3.87 27.562
MULT -0.6 3.88 22.633
MULT -0.4 3.92 19.092
MULT -0.2 3.97 16.528
MULT 0.0 4.07 14.464
MULT 0.2 4.33 12.803
MULT 0.4 5.01 11.367
ADD -1.0 4.07 27.063
ADD -0.8 4.10 21.617
ADD -0.6 4.10 17.725
ADD -0.4 4.13 14.927
ADD -0.2 4.18 12.788
ADD 0.0 4.29 11.11
ADD 0.2 4.56 9.707
ADD 0.4 5.28 8.514
SUB -1.0 3.43 27.287
SUB -0.8 4.08 21.697
SUB -0.6 4.09 17.775
SUB -0.4 4.09 14.896
SUB -0.2 4.13 12.778
SUB 0.0 4.21 11.068
SUB 0.2 4.42 9.681
SUB 0.4 5.05 8.463
SL -1.0 1.02 9.079
SL -0.8 1.03 7.302
SL -0.6 1.04 6.07
SL -0.4 1.07 5.174
SL -0.2 1.11 4.495
SL 0.0 1.20 3.972
SL 0.2 1.46 3.546
SL 0.4 2.17 3.177
SR -1.0 1.02 11.604
SR -0.8 1.03 9.209
SR -0.6 1.03 7.567
SR -0.4 1.05 6.383
SR -0.2 1.09 5.499
SR 0.0 1.18 4.812
SR 0.2 1.44 4.264
SR 0.4 2.13 3.798
AND -1.0 0.897 6.324
AND -0.8 0.905 4.795
AND -0.6 0.919 4.357
AND -0.4 0.939 3.765
AND -0.2 0.978 3.31
AND 0.0 1.07 2.97
AND 0.2 1.30 2.667
AND 0.4 1.96 2.409
OR -1.0 0.641 5.847
OR -0.8 0.652 4.803
OR -0.6 0.667 4.072
OR -0.4 0.687 3.531
OR -0.2 0.729 3.112
OR 0.0 0.822 2.783
OR 0.2 1.08 2.518
OR 0.4 1.76 2.228
NOP -1.0 0.001 0.008
NOP -0.8 0.002 0.007
NOP -0.6 0.003 0.006
NOP -0.4 0.004 0.005
NOP -0.2 0.005 0.004
NOP 0.0 0.006 0.003
NOP 0.2 0.007 0.002
NOP 0.4 0.008 0.001
