MULT -1.0 0.087 34.191
MULT -0.8 0.133 27.562
MULT -0.6 0.233 22.633
MULT -0.4 0.458 19.092
MULT -0.2 0.987 16.528
MULT 0.0 2.31 14.464
MULT 0.2 5.896 12.803
MULT 0.4 16.59 11.367
ADD -1.0 0.087 27.063
ADD -0.8 0.133 21.617
ADD -0.6 0.233 17.725
ADD -0.4 0.458 14.927
ADD -0.2 0.987 12.788
ADD 0.0 2.31 11.11
ADD 0.2 5.896 9.707
ADD 0.4 16.59 8.514
SUB -1.0 0.087 27.287
SUB -0.8 0.133 21.697
SUB -0.6 0.233 17.775
SUB -0.4 0.458 14.896
SUB -0.2 0.987 12.778
SUB 0.0 2.31 11.068
SUB 0.2 5.896 9.681
SUB 0.4 16.59 8.463
SL -1.0 0.087 9.079
SL -0.8 0.133 7.302
SL -0.6 0.233 6.07
SL -0.4 0.458 5.174
SL -0.2 0.987 4.495
SL 0.0 2.31 3.972
SL 0.2 5.896 3.546
SL 0.4 16.59 3.177
SR -1.0 0.087 11.604
SR -0.8 0.133 9.209
SR -0.6 0.233 7.567
SR -0.4 0.458 6.383
SR -0.2 0.987 5.499
SR 0.0 2.31 4.812
SR 0.2 5.896 4.264
SR 0.4 16.59 3.798
AND -1.0 0.087 6.324
AND -0.8 0.133 4.795
AND -0.6 0.233 4.357
AND -0.4 0.458 3.765
AND -0.2 0.987 3.31
AND 0.0 2.31 2.97
AND 0.2 5.896 2.667
AND 0.4 16.59 2.409
OR -1.0 0.087 5.847
OR -0.8 0.133 4.803
OR -0.6 0.233 4.072
OR -0.4 0.458 3.531
OR -0.2 0.987 3.112
OR 0.0 2.31 2.783
OR 0.2 5.896 2.518
OR 0.4 16.59 2.228
NOP -1.0 0.087 0.008
NOP -0.8 0.133 0.007
NOP -0.6 0.233 0.006
NOP -0.4 0.458 0.005
NOP -0.2 0.987 0.004
NOP 0.0 2.31 0.003
NOP 0.2 5.896 0.002
NOP 0.4 16.59 0.001
